# Created by Octave 6.2.0, Fri Apr 14 15:09:21 2023 CDT <hirish@Hirishs-MacBook-Pro.local>
# name: rhotilde
# type: matrix
# rows: 160
# columns: 1
 -1.0530967292269697
 -1.0419655229341225
 -1.0221508524470102
 -0.99403344508922675
 -0.95821504933369173
 -0.91555173791635114
 -0.86718423334817074
 -0.81455284517668047
 -0.75938884149625829
 -0.70367681557574446
 -0.64958587648323063
 -0.59937120575645453
 -0.5552514764208013
 -0.51927147719740474
 -0.493162311745869
 -0.47820989117863866
 -0.4711067437401133
 -0.45601813756192344
 -0.42921949003807436
 -0.39131692669057694
 -0.3432287278638485
 -0.28620767391035307
 -0.22186121979962203
 -0.15215655600047118
 -0.079401820547021051
 -0.0061966100178706407
 0.06465230173454406
 0.13025021060648406
 0.18776383770240851
 0.23459033382671307
 0.26853066540352977
 0.28795366759661278
 -0.10464107122157196
 -0.084349812276956898
 -0.048482536301222845
 0.0018931221000479392
 0.065257774016271156
 0.13967156031580574
 0.22279878262034955
 0.31193580893917616
 0.40405287139447521
 0.49586217770880414
 0.58392202432332119
 0.66477910533140938
 0.73514072585709866
 0.79205883864164095
 0.83310341859016912
 0.85651117457529735
 0.8676059469117271
 0.89111981777437999
 0.9327009351784088
 0.99110893806591494
 1.06451698416297
 1.1505078266414721
 1.2460836727199736
 1.347717957326962
 1.4514727994880383
 1.5531965865054065
 1.6487935130545512
 1.7345245937535796
 1.8072719230011223
 1.8646945171511669
 1.9052365080469169
 1.9280116988646472
 1.9387155287450017
 1.9612016181884737
 2.0002782179482153
 2.0535995433099448
 2.1178115339357522
 2.1886898692930363
 2.2614169646035931
 2.3310401643356835
 2.3930868301462049
 2.4442221227191605
 2.482762284829783
 2.5088590765981245
 2.5242716586243166
 2.5317915490933078
 2.5344969079349107
 2.5350318015753683
 2.5350318015753683
 2.5344969079349111
 2.5317915490933078
 2.5242716586243166
 2.5088590765981249
 2.4827622848297826
 2.4442221227191605
 2.3930868301462054
 2.3310401643356835
 2.2614169646035931
 2.1886898692930359
 2.1178115339357531
 2.0535995433099452
 2.0002782179482153
 1.9612016181884733
 1.9387155287450015
 1.9280116988646474
 1.9052365080469174
 1.8646945171511664
 1.8072719230011225
 1.7345245937535796
 1.6487935130545517
 1.5531965865054063
 1.4514727994880388
 1.3477179573269626
 1.2460836727199731
 1.1505078266414723
 1.0645169841629696
 0.99110893806591449
 0.93270093517840869
 0.89111981777437999
 0.8676059469117271
 0.85651117457529713
 0.8331034185901689
 0.79205883864164084
 0.73514072585709866
 0.66477910533140838
 0.58392202432332119
 0.49586217770880414
 0.40405287139447499
 0.31193580893917655
 0.22279878262034955
 0.13967156031580547
 0.065257774016271405
 0.0018931221000479392
 -0.048482536301222567
 -0.084349812276956898
 -0.10464107122157168
 0.28795366759661212
 0.26853066540352977
 0.23459033382671307
 0.18776383770240851
 0.13025021060648373
 0.06465230173454406
 -0.0061966100178706407
 -0.079401820547021051
 -0.15215655600047118
 -0.22186121979962226
 -0.28620767391035307
 -0.3432287278638485
 -0.39131692669057694
 -0.42921949003807436
 -0.45601813756192344
 -0.4711067437401133
 -0.47820989117863899
 -0.49316231174586933
 -0.51927147719740474
 -0.5552514764208013
 -0.59937120575645486
 -0.64958587648323096
 -0.70367681557574446
 -0.75938884149625829
 -0.81455284517668047
 -0.86718423334817074
 -0.91555173791635114
 -0.95821504933369162
 -0.99403344508922642
 -1.0221508524470102
 -1.0419655229341225
 -1.0530967292269697


