# Created by Octave 6.2.0, Fri Apr 14 15:09:21 2023 CDT <hirish@Hirishs-MacBook-Pro.local>
# name: rhs
# type: matrix
# rows: 160
# columns: 1
 -1.410445225290317
 -1.4004458222736744
 -1.3826657933950457
 -1.357478522478917
 -1.3254638440401982
 -1.2874317147897052
 -1.2444420475167157
 -1.1978104345957785
 -1.1490935857596885
 -1.1000508859475786
 -1.0525812692299004
 -1.0086375082221102
 -0.97012291634031533
 -0.93877816339328346
 -0.91606792545143034
 -0.90307520246244222
 -0.89690633786111362
 -0.88380941076023722
 -0.8605716063867358
 -0.82775577201805617
 -0.786204614513908
 -0.73705271444274256
 -0.68173556326972296
 -0.62198538104973011
 -0.55980730511077714
 -0.4974312387653182
 -0.43723696262398576
 -0.38165323530780465
 -0.33303544762443354
 -0.29353045823964546
 -0.26494046115690351
 -0.24859565353695712
 -0.24083816428650676
 -0.22437460456682409
 -0.19518344776083332
 -0.15400270238440142
 -0.10192837004687302
 -0.040424119355234621
 0.028671831135466317
 0.10315538556096114
 0.18048993299683522
 0.25787202171186097
 0.3323333490063054
 0.40087682645329836
 0.46063654956695738
 0.50904451555434926
 0.54398450331177628
 0.56392177170305413
 0.573374222433503
 0.5934127105307484
 0.62886459396647953
 0.67869498869278455
 0.74136772373576754
 0.81483455511851011
 0.89653917748329848
 0.98346123598017066
 1.0722202394739582
 1.1592500326623316
 1.2410346369607637
 1.3143690426403738
 1.376585875417865
 1.4256871008083629
 1.4603483817903884
 1.479817787103558
 1.4889674040798642
 1.5081872609735392
 1.5415837015359315
 1.5871455255524254
 1.6419989963118506
 1.7025281898213156
 1.7646143389224103
 1.824029097557057
 1.8769598081550281
 1.9205689040348113
 1.9534285485294076
 1.9756748858151176
 1.9888118932181174
 1.9952211053232594
 1.9975268198733689
 1.9979826931584219
 1.9979826931584219
 1.9975268198733689
 1.9952211053232594
 1.9888118932181174
 1.9756748858151176
 1.9534285485294076
 1.9205689040348113
 1.8769598081550281
 1.824029097557057
 1.7646143389224103
 1.7025281898213156
 1.6419989963118506
 1.5871455255524254
 1.5415837015359315
 1.5081872609735392
 1.4889674040798642
 1.479817787103558
 1.4603483817903884
 1.4256871008083629
 1.376585875417865
 1.3143690426403738
 1.2410346369607637
 1.1592500326623316
 1.0722202394739582
 0.98346123598017066
 0.89653917748329848
 0.81483455511851011
 0.74136772373576754
 0.67869498869278455
 0.62886459396647953
 0.5934127105307484
 0.573374222433503
 0.56392177170305413
 0.54398450331177628
 0.50904451555434926
 0.46063654956695738
 0.40087682645329836
 0.3323333490063054
 0.25787202171186097
 0.18048993299683522
 0.10315538556096114
 0.028671831135466317
 -0.040424119355234621
 -0.10192837004687302
 -0.15400270238440142
 -0.19518344776083332
 -0.22437460456682409
 -0.24083816428650676
 -0.24859565353695712
 -0.26494046115690351
 -0.29353045823964546
 -0.33303544762443354
 -0.38165323530780465
 -0.43723696262398576
 -0.4974312387653182
 -0.55980730511077714
 -0.62198538104973011
 -0.68173556326972296
 -0.73705271444274256
 -0.786204614513908
 -0.82775577201805617
 -0.8605716063867358
 -0.88380941076023722
 -0.89690633786111362
 -0.90307520246244222
 -0.91606792545143034
 -0.93877816339328346
 -0.97012291634031533
 -1.0086375082221102
 -1.0525812692299004
 -1.1000508859475786
 -1.1490935857596885
 -1.1978104345957785
 -1.2444420475167157
 -1.2874317147897052
 -1.3254638440401982
 -1.357478522478917
 -1.3826657933950457
 -1.4004458222736744
 -1.410445225290317


